<class 'dict'>
processd : {'features': [64.0, 64.0, 11840911.0, 11510406.0, 8947054.0, 7501667.0, 7961187.0, 7566687.0, 8552034.0, 8288608.0, 6909016.0, 7828827.0, 9668456.0, 11179381.0, 11442294.0,
11770743.0, 11836534.0, 11770743.0, 11770742.0, 11704949.0, 11639157.0, 11639155.0, 11573618.0, 11507569.0, 11507314.0, 11376497.0, 11113070.0, 12890770.0, 14865076.0, 14601902.0, 1460
2420.0, 14336416.0, 12690568.0, 14602170.0, 13550774.0, 9807288.0, 9741756.0, 9807289.0, 10530492.0, 10859454.0, 11056319.0, 11318977.0, 11778754.0, 12107717.0, 12436677.0, 12567494.0,
 12567753.0, 12567753.0, 12568779.0, 12634576.0, 12634318.0, 12765388.0, 12305867.0, 13684426.0, 14866380.0, 14340550.0, 14471621.0, 14732736.0, 15060418.0, 12163977.0, 9138010.0, 1052
1461.0, 12758934.0, 13286048.0, 13483171.0, 13483428.0, 12432531.0, 11838856.0, 9406832.0, 8092773.0, 8486756.0, 7763550.0, 8945766.0, 8551268.0, 7040345.0, 7303513.0, 9339749.0, 11442
037.0, 11639413.0, 11836534.0, 11968119.0, 11902582.0, 11902326.0, 11771252.0, 11704948.0, 11704947.0, 11704947.0, 11639155.0, 11573362.0, 11573618.0, 11375984.0, 13285016.0, 14996662.
0, 14732976.0, 14733748.0, 14532767.0, 12887689.0, 14733497.0, 13419446.0, 10135994.0, 11122369.0, 11319489.0, 11318978.0, 11450561.0, 11844799.0, 12567235.0, 12633284.0, 12633285.0, 1
2633286.0, 12567495.0, 12567752.0, 12501960.0, 12502987.0, 12634575.0, 12568782.0, 12370380.0, 11844295.0, 13683656.0, 14997451.0, 14471622.0, 14536902.0, 14732736.0, 15060417.0, 11835
267.0, 9072731.0, 10653560.0, 12890519.0, 13351584.0, 13483428.0, 13549221.0, 13944226.0, 12102026.0, 10195831.0, 8684648.0, 8486757.0, 8026206.0, 8485984.0, 7960669.0, 7369048.0, 8222
299.0, 9405539.0, 11508082.0, 11836534.0, 11968120.0, 12034168.0, 12034167.0, 12033911.0, 11967862.0, 11836533.0, 11770742.0, 11705204.0, 11704948.0, 11639411.0, 11639411.0, 11442033.0
, 13416598.0, 15128247.0, 14799026.0, 14930870.0, 14598557.0, 13019018.0, 14667704.0, 13616825.0, 11582916.0, 11384768.0, 10791858.0, 10723750.0, 10854561.0, 10723230.0, 10987174.0, 11
317168.0, 12172733.0, 12699078.0, 12501957.0, 12502214.0, 12568009.0, 12437451.0, 12305611.0, 11910855.0, 11843781.0, 11580867.0, 13880519.0, 15062986.0, 14602948.0, 14471620.0, 148640
65.0, 15059904.0, 11703424.0, 9138268.0, 10981753.0, 12956569.0, 13351842.0, 13483428.0, 13549221.0, 14141605.0, 12233611.0, 10458486.0, 9801327.0, 9275240.0, 8157535.0, 8485728.0, 848
5982.0, 7565909.0, 9536612.0, 9733990.0, 11508083.0, 11902326.0, 12099704.0, 12165497.0, 12099960.0, 12099448.0, 12099192.0, 12033399.0, 11902069.0, 11836532.0, 11770740.0, 11770739.0,
 11770739.0, 11573362.0, 13614233.0, 15194039.0, 14930611.0, 15062200.0, 14598043.0, 13018762.0, 15128253.0, 13551032.0, 10132899.0, 10064271.0, 10587272.0, 10585469.0, 10125688.0, 986
2261.0, 9665398.0, 9273213.0, 9801102.0, 10988208.0, 12172998.0, 12304839.0, 11976646.0, 12107975.0, 11778759.0, 11778246.0, 11909317.0, 11646661.0, 14012615.0, 15063242.0, 14668229.0,
 14536899.0, 14863809.0, 14993855.0, 11505274.0, 9335134.0, 11179132.0, 13088154.0, 13483169.0, 13549221.0, 13549221.0, 14339238.0, 12233354.0, 10589813.0, 10984056.0, 9603691.0, 85517
77.0, 9799530.0, 8814690.0, 7500631.0, 10061927.0, 10653291.0, 11704693.0, 12033655.0, 12230776.0, 12296569.0, 12231033.0, 12296312.0, 12165240.0, 12099448.0, 12033654.0, 11967861.0, 1
1967605.0, 11967604.0, 11902068.0, 11639408.0, 13745821.0, 15259575.0, 14996402.0, 15062710.0, 14400921.0, 13478800.0, 13089450.0, 9800068.0, 10258560.0, 11243392.0, 10322037.0, 979569
2.0, 9663338.0, 9334118.0, 9136740.0, 9268839.0, 9270126.0, 9339521.0, 10592165.0, 11449535.0, 11712707.0, 11843779.0, 11712967.0, 11844039.0, 11844039.0, 11909317.0, 14274759.0, 15063
242.0, 14602692.0, 14536385.0, 14864065.0, 14862780.0, 11307892.0, 9401438.0, 11376511.0, 13088667.0, 13482914.0, 13549221.0, 13549221.0, 14470822.0, 12233099.0, 10852730.0, 11181178.0
, 9472361.0, 9142885.0, 10851443.0, 9603432.0, 7895129.0, 10719598.0, 11704692.0, 11902326.0, 12165241.0, 12296570.0, 12362362.0, 12362361.0, 12427640.0, 12296568.0, 12165240.0, 121652
39.0, 12164982.0, 12033910.0, 12033654.0, 12033654.0, 11836274.0, 14008990.0, 15259832.0, 15062195.0, 14996918.0, 14861212.0, 11769212.0, 8615538.0, 10521738.0, 11571850.0, 9992302.0,
9465959.0, 9136994.0, 9004640.0, 8873056.0, 8807263.0, 8807520.0, 8939618.0, 9203561.0, 9796982.0, 10130069.0, 11514815.0, 11975365.0, 11975622.0, 11975622.0, 11975622.0, 12041157.0, 1
4406086.0, 15128776.0, 14602948.0, 14536642.0, 15060930.0, 14796985.0, 10979183.0, 9401952.0, 11508352.0, 13154203.0, 13483171.0, 13549220.0, 13615014.0, 14667687.0, 12299146.0, 114438
38.0, 11247229.0, 9013093.0, 9209190.0, 10983285.0, 9537382.0, 8354908.0, 10982256.0, 11770996.0, 12033911.0, 12231032.0, 12362362.0, 12493691.0, 12690811.0, 12625274.0, 12428408.0, 12
297079.0, 12296566.0, 12361847.0, 12230518.0, 12099447.0, 12099447.0, 11967860.0, 14206366.0, 15391159.0, 15127476.0, 15390647.0, 13810071.0, 8746863.0, 10194318.0, 11376791.0, 1025625
0.0, 9399653.0, 9004896.0, 8675675.0, 8609883.0, 8609884.0, 8544091.0, 8675677.0, 8610654.0, 8676447.0, 9071717.0, 9533294.0, 10262427.0, 12041159.0, 11976135.0, 11976135.0, 12041158.0
, 12172742.0, 14537671.0, 15194568.0, 14668483.0, 14667969.0, 15257792.0, 14796213.0, 10715755.0, 9533538.0, 11771523.0, 13285789.0, 13548962.0, 13549220.0, 13615014.0, 14733224.0, 125
61545.0, 12232580.0, 11247486.0, 9013350.0, 9866346.0, 11837564.0, 10326123.0, 8682589.0, 11047791.0, 11770740.0, 12033910.0, 12362105.0, 12493434.0, 12691068.0, 12493689.0, 12427639.0
, 12296565.0, 12362357.0, 12362101.0, 12361845.0, 12361844.0, 12296309.0, 12165239.0, 12099189.0, 14534562.0, 15653305.0, 15324341.0, 15587255.0, 11049350.0, 9471623.0, 11113880.0, 102
56767.0, 9729389.0, 8939100.0, 8478552.0, 8346710.0, 8346453.0, 8346454.0, 8346455.0, 8346712.0, 8543834.0, 8609884.0, 8610398.0, 9071460.0, 9140339.0, 10724783.0, 12108235.0, 11910854
.0, 12041159.0, 12369606.0, 14734790.0, 15129032.0, 14536897.0, 14930368.0, 15323326.0, 14796210.0, 10452323.0, 9665123.0, 12099719.0, 13416862.0, 13680035.0, 13615013.0, 13615014.0, 1
4864552.0, 12627082.0, 12298373.0, 11444349.0, 9998958.0, 11311989.0, 12428670.0, 11509367.0, 9142879.0, 11376241.0, 11704691.0, 11967860.0, 12362104.0, 12559227.0, 12690813.0, 1216446
8.0, 11703918.0, 11703663.0, 11703662.0, 11703662.0, 11703917.0, 11769454.0, 11835247.0, 11966832.0, 11901041.0, 14731685.0, 15653562.0, 15587512.0, 14666414.0, 9734528.0, 10259596.0,
10651781.0, 10123892.0, 9333860.0, 8478550.0, 8280658.0, 8280147.0, 8280148.0, 8280149.0, 8280149.0, 8345686.0, 8345942.0, 8477784.0, 8478811.0, 8545118.0, 8677987.0, 9538446.0, 119111
14.0, 11910854.0, 11844806.0, 12501191.0, 14866119.0, 15063495.0, 14602431.0, 14996161.0, 15323071.0, 14730414.0, 10189408.0, 9861988.0, 12231562.0, 13351328.0, 13745572.0, 13615013.0,
 13615014.0, 14864554.0, 12693129.0, 12495236.0, 11707005.0, 9407078.0, 10325612.0, 11442550.0, 11180405.0, 9931623.0, 11442033.0, 11770483.0, 12099446.0, 12362105.0, 12625019.0, 12756
860.0, 12691067.0, 12427382.0, 12361590.0, 12361334.0, 12361076.0, 12229490.0, 12032368.0, 11835247.0, 11834990.0, 11637611.0, 14797479.0, 15653816.0, 15785145.0, 13220003.0, 9273985.0
, 10587277.0, 10585217.0, 9859947.0, 9267809.0, 8740952.0, 8542802.0, 8345681.0, 8280147.0, 8214611.0, 8280147.0, 8279893.0, 8280150.0, 8346199.0, 8281432.0, 8413021.0, 8611168.0, 8943
733.0, 11187388.0, 11911112.0, 11582148.0, 12370630.0, 14931911.0, 15063239.0, 14602432.0, 14995904.0, 15323324.0, 14401449.0, 10123102.0, 10059109.0, 12428939.0, 13351839.0, 13614756.
0, 13615013.0, 13615013.0, 14930601.0, 12823943.0, 12560772.0, 11115383.0, 9603687.0, 10456685.0, 11047794.0, 10391148.0, 9339746.0, 11639411.0, 12164983.0, 12231031.0, 12428152.0, 126
25274.0, 12756603.0, 12756346.0, 11834990.0, 11177062.0, 11374440.0, 11637610.0, 11769452.0, 11900781.0, 11966574.0, 12032624.0, 12098160.0, 14995112.0, 15653815.0, 15784888.0, 1183938
6.0, 9404800.0, 10915211.0, 10387838.0, 9664112.0, 8086109.0, 7493715.0, 7624529.0, 8017232.0, 8213584.0, 8213840.0, 8410707.0, 8345172.0, 8279890.0, 8411476.0, 8346455.0, 8281178.0, 8
544862.0, 8678505.0, 10594220.0, 11977675.0, 11516612.0, 12567239.0, 15063239.0, 14997703.0, 14668224.0, 15061438.0, 15388858.0, 14137761.0, 9992027.0, 10059879.0, 12560525.0, 13482911
.0, 13614755.0, 13615013.0, 13615013.0, 14995880.0, 12823946.0, 12560772.0, 11378297.0, 10326382.0, 11245426.0, 11770742.0, 11179887.0, 9865830.0, 11837046.0, 12296568.0, 12361848.0, 1
2493690.0, 12691066.0, 12822138.0, 12953725.0, 12032623.0, 11045731.0, 11045731.0, 11045731.0, 11177316.0, 11308132.0, 11308133.0, 11308390.0, 11374184.0, 14994856.0, 15785400.0, 15324
851.0, 10326153.0, 10126978.0, 11308939.0, 10322814.0, 7955549.0, 6180938.0, 5918283.0, 5918025.0, 6836043.0, 7820367.0, 8476243.0, 8410449.0, 8344913.0, 8345170.0, 8280404.0, 8411992.
0, 8412761.0, 8479325.0, 8611681.0, 10066590.0, 12043726.0, 11451333.0, 12764101.0, 15325383.0, 15128519.0, 14734015.0, 14995901.0, 15388346.0, 13874586.0, 9926234.0, 10322538.0, 12758
418.0, 13613984.0, 13680291.0, 13680549.0, 13680807.0, 15126951.0, 12823690.0, 12626564.0, 11444341.0, 9604197.0, 11245425.0, 11901815.0, 11442547.0, 10194536.0, 11770997.0, 12427641.0
, 12427641.0, 12625021.0, 12756604.0, 12822138.0, 13019260.0, 12163951.0, 11571815.0, 11702891.0, 11768939.0, 11900525.0, 11966061.0, 11966061.0, 11966061.0, 11966319.0, 15192235.0, 15
982265.0, 14600876.0, 9536383.0, 10981002.0, 10520451.0, 8745066.0, 7165777.0, 7230031.0, 7229772.0, 7032650.0, 7229259.0, 7688780.0, 8148304.0, 8279120.0, 8278607.0, 7951442.0, 723029
1.0, 6902867.0, 7231832.0, 8217439.0, 8611423.0, 9473680.0, 11977931.0, 11648198.0, 12961477.0, 15325383.0, 15194054.0, 14734014.0, 14995643.0, 15388344.0, 13676438.0, 9859929.0, 10651
245.0, 13021332.0, 13548705.0, 13680292.0, 13680549.0, 13615271.0, 15126695.0, 12823944.0, 12560771.0, 11575160.0, 10392171.0, 11442803.0, 12165242.0, 11902839.0, 11508593.0, 11968372.
0, 12690811.0, 12690812.0, 12691324.0, 12822397.0, 12953468.0, 13019517.0, 12163951.0, 11834218.0, 11834475.0, 12031853.0, 12097647.0, 12097645.0, 12097646.0, 12163182.0, 12360817.0, 1
5258028.0, 16245435.0, 14403498.0, 9602430.0, 10259074.0, 7562079.0, 7429975.0, 8086364.0, 7165777.0, 6575180.0, 6836299.0, 7360332.0, 7491402.0, 7950155.0, 8081741.0, 7885135.0, 74921
75.0, 6967375.0, 6377809.0, 6050386.0, 6904664.0, 8414303.0, 9670545.0, 12109259.0, 11582917.0, 13158597.0, 15390918.0, 15194053.0, 14667965.0, 14929591.0, 15519157.0, 13478543.0, 9728
856.0, 10717552.0, 13087126.0, 13614499.0, 13680549.0, 13680806.0, 13746342.0, 15060903.0, 12889479.0, 12429183.0, 11575415.0, 11049072.0, 11048815.0, 12296825.0, 12296825.0, 12428411.
0, 12690812.0, 12756348.0, 12756605.0, 12822652.0, 12888187.0, 12953981.0, 13150846.0, 12295280.0, 11834730.0, 11966060.0, 11900268.0, 11966060.0, 12097389.0, 12097901.0, 12097388.0, 1
2360818.0, 15455662.0, 15257520.0, 12362637.0, 9667450.0, 10059128.0, 8348766.0, 8282972.0, 7756371.0, 6706511.0, 5986126.0, 6379085.0, 6704200.0, 7031880.0, 7622218.0, 7884877.0, 7425
610.0, 7229002.0, 7360846.0, 7427152.0, 7296596.0, 7232087.0, 8283228.0, 10394524.0, 12502987.0, 12239045.0, 13683908.0, 15391173.0, 15062466.0, 14668221.0, 15126198.0, 15584691.0, 132
15368.0, 9597271.0, 10849393.0, 13218712.0, 13745316.0, 13746085.0, 13746342.0, 13746342.0, 15061158.0, 13020808.0, 12034683.0, 11115376.0, 10523499.0, 9865826.0, 12165239.0, 12362617.
0, 12559994.0, 12691069.0, 12756859.0, 12822651.0, 12822652.0, 12953724.0, 13150587.0, 13216380.0, 12229486.0, 11834729.0, 12031595.0, 12031595.0, 12163438.0, 12294767.0, 12360560.0, 1
2360557.0, 12623989.0, 15653555.0, 13016713.0, 9594975.0, 10455168.0, 11242374.0, 8676704.0, 8545630.0, 8544600.0, 7689293.0, 7230543.0, 7165776.0, 6966601.0, 6769738.0, 6440774.0, 637
5752.0, 6508363.0, 6573899.0, 6376777.0, 6902351.0, 7297110.0, 7297622.0, 8546914.0, 13352364.0, 14931650.0, 14865087.0, 15128002.0, 15325380.0, 14996673.0, 14733761.0, 15257270.0, 155
84433.0, 12951682.0, 9597014.0, 11046773.0, 13350297.0, 13680290.0, 13746341.0, 13746342.0, 13746342.0, 15061158.0, 12035966.0, 10918257.0, 11114607.0, 9866085.0, 9997156.0, 12099701.0
, 12493688.0, 12690811.0, 12756859.0, 12822652.0, 12887931.0, 12953724.0, 13019260.0, 13216381.0, 13281916.0, 12229229.0, 11900266.0, 12031595.0, 12163180.0, 12294766.0, 12426351.0, 12
426352.0, 12426094.0, 12821367.0, 15719091.0, 12752002.0, 10252135.0, 11309963.0, 11241859.0, 8939102.0, 8215380.0, 8542803.0, 8147788.0, 7950668.0, 7755853.0, 7229772.0, 7031111.0, 76
87238.0, 6704198.0, 6969938.0, 6838097.0, 5983563.0, 6574927.0, 7297878.0, 8022113.0, 8351591.0, 13548969.0, 15588548.0, 15193792.0, 15259330.0, 15391172.0, 15062464.0, 14799295.0, 152
57011.0, 15649966.0, 12688252.0, 9531735.0, 11309945.0, 13350554.0, 13680290.0, 13746341.0, 13746342.0, 13746342.0, 14995107.0, 12166782.0, 11180914.0, 11180401.0, 9143390.0, 10260071.
0, 12230774.0, 12493434.0, 12690811.0, 12822138.0, 12887932.0, 12887933.0, 12953725.0, 13084793.0, 13216380.0, 13281916.0, 12294765.0, 11965801.0, 12097387.0, 12163180.0, 12360558.0, 1
2491887.0, 12492144.0, 12426095.0, 12887417.0, 15915956.0, 12950664.0, 10054756.0, 11900815.0, 11372416.0, 9726301.0, 8279371.0, 7885131.0, 7950411.0, 7950410.0, 7622217.0, 6899525.0,
7620932.0, 8212039.0, 7031366.0, 7559506.0, 7427151.0, 7295566.0, 7427667.0, 7297878.0, 8154727.0, 9075829.0, 13680814.0, 15523013.0, 15259841.0, 15259841.0, 15391426.0, 15127999.0, 14
864830.0, 15388081.0, 15649704.0, 12294007.0, 9597529.0, 11441787.0, 13416347.0, 13811107.0, 13812135.0, 13812135.0, 13812135.0, 14994851.0, 12757635.0, 10852461.0, 10917742.0, 8946267
.0, 10062436.0, 12230517.0, 12493433.0, 12756604.0, 12822140.0, 12887933.0, 12887932.0, 12953724.0, 13019515.0, 13151099.0, 13347707.0, 12228973.0, 11965799.0, 12163179.0, 12228973.0,
12360814.0, 12557423.0, 12623216.0, 12491887.0, 12952953.0, 16178871.0, 13477777.0, 10449515.0, 12557458.0, 10911090.0, 9725531.0, 8804172.0, 8606795.0, 8409673.0, 7753031.0, 7030595.0
, 8146761.0, 8802893.0, 8539722.0, 7424582.0, 7359559.0, 7819338.0, 7885902.0, 8083281.0, 8084566.0, 8284771.0, 11179914.0, 15259585.0, 15325634.0, 15325380.0, 15325378.0, 15391171.0,
15062720.0, 14864830.0, 15453358.0, 15583910.0, 12030833.0, 9663323.0, 11770495.0, 13547933.0, 13811363.0, 13812134.0, 13812135.0, 13812136.0, 15060387.0, 12363646.0, 11180654.0, 11179
629.0, 9800803.0, 10194019.0, 12296055.0, 12361846.0, 12690554.0, 12822139.0, 12887931.0, 12887931.0, 13019002.0, 13084795.0, 13216380.0, 13347452.0, 12228972.0, 11965800.0, 12097388.0
, 12425581.0, 12491885.0, 12623213.0, 12688752.0, 12622702.0, 13150075.0, 16179126.0, 14202010.0, 11699580.0, 12425098.0, 10384486.0, 9330774.0, 9264978.0, 9264465.0, 8671563.0, 775174
6.0, 8541263.0, 9263443.0, 8671049.0, 8802124.0, 8277578.0, 7358532.0, 7622473.0, 7426377.0, 7689550.0, 7952722.0, 8150870.0, 9136735.0, 14205872.0, 15259840.0, 15062205.0, 15193278.0,
 15193280.0, 14930622.0, 14864827.0, 15649707.0, 15648674.0, 11767404.0, 9598299.0, 11967873.0, 13613726.0, 13877156.0, 13878182.0, 13943721.0, 13943466.0, 15060643.0, 11772539.0, 1111
4095.0, 11639413.0, 10391654.0, 10391396.0, 12362360.0, 12361846.0, 12624760.0, 12756345.0, 12887674.0, 12887931.0, 13084795.0, 13084794.0, 13281915.0, 13347706.0, 12228973.0, 12031337
.0, 12163177.0, 12360044.0, 12622702.0, 12623214.0, 12688751.0, 12688493.0, 13347453.0, 16113590.0, 15124136.0, 12555913.0, 12161155.0, 10318437.0, 9133649.0, 9988444.0, 9264466.0, 821
1522.0, 7817796.0, 7752518.0, 6964286.0, 7948613.0, 7883334.0, 8015176.0, 8080711.0, 8213067.0, 8082509.0, 8083279.0, 8281426.0, 8544083.0, 11572099.0, 15455935.0, 15061689.0, 15192505
.0, 14996152.0, 15061433.0, 14995383.0, 15127225.0, 15649707.0, 15582625.0, 11503975.0, 9795676.0, 12231045.0, 13679519.0, 13942692.0, 13943719.0, 14009514.0, 14009258.0, 14995106.0, 1
1509110.0, 11048050.0, 11639417.0, 10785385.0, 11179882.0, 12691065.0, 12559481.0, 12690553.0, 12756345.0, 12887673.0, 12887931.0, 13084796.0, 13084795.0, 13347451.0, 13281914.0, 12097
643.0, 12031336.0, 12293993.0, 12491116.0, 12622702.0, 12688496.0, 12754287.0, 12622700.0, 13479039.0, 16179382.0, 15782833.0, 12885131.0, 11831675.0, 10383973.0, 9528407.0, 10186080.0
, 8869708.0, 8343107.0, 8146758.0, 7489603.0, 7096385.0, 7292739.0, 6899009.0, 7226690.0, 8080710.0, 8475724.0, 8804432.0, 8608081.0, 8544083.0, 9596769.0, 14665651.0, 15654084.0, 1545
6448.0, 15521729.0, 15259584.0, 15390656.0, 15390143.0, 15455933.0, 15780518.0, 15647903.0, 11240548.0, 9927264.0, 12363145.0, 13745312.0, 14008485.0, 14009512.0, 14009513.0, 14009514.
0, 14272412.0, 10917998.0, 11639414.0, 11244914.0, 11507567.0, 12165495.0, 12757371.0, 12888444.0, 12690552.0, 12756089.0, 12953208.0, 12953210.0, 13019003.0, 13084538.0, 13347451.0, 1
3346938.0, 12294251.0, 11965800.0, 12293738.0, 12556652.0, 12622700.0, 12688493.0, 12754287.0, 12622699.0, 13610368.0, 16178614.0, 16507581.0, 14004634.0, 11568245.0, 10713194.0, 10252
131.0, 9988701.0, 8475466.0, 8016714.0, 7819337.0, 7425605.0, 6899777.0, 6899522.0, 7424837.0, 7884103.0, 8278090.0, 8344138.0, 8673357.0, 8674128.0, 8346708.0, 12754304.0, 16438959.0,
 15847341.0, 15979183.0, 15979441.0, 15979441.0, 16044721.0, 15979698.0, 15782319.0, 15582365.0, 15450778.0, 10846304.0, 10058850.0, 12560780.0, 13811361.0, 14074278.0, 14140841.0, 140
75306.0, 14009513.0, 12628104.0, 11573875.0, 10916208.0, 10127724.0, 11441779.0, 11705206.0, 11377015.0, 11376242.0, 12230001.0, 12492658.0, 12821368.0, 12887416.0, 13018745.0, 1308453
8.0, 13347452.0, 13411961.0, 12424809.0, 12031080.0, 12293994.0, 12425580.0, 12687981.0, 12754029.0, 12754542.0, 12622442.0, 13676164.0, 16309944.0, 16376248.0, 14267804.0, 11304816.0,
 10910828.0, 10317923.0, 9462359.0, 8082764.0, 7361354.0, 7097414.0, 7161922.0, 6702144.0, 6505535.0, 6637121.0, 7360070.0, 8212811.0, 8278858.0, 8542798.0, 8411728.0, 9859681.0, 15713
690.0, 16436895.0, 16371105.0, 16437412.0, 16437412.0, 16503205.0, 16503206.0, 16503975.0, 16503972.0, 15845792.0, 15253142.0, 10779998.0, 10321764.0, 12823438.0, 13876897.0, 14008486.
0, 14271657.0, 14206123.0, 14009514.0, 12430467.0, 11310448.0, 10850157.0, 10784109.0, 11179119.0, 11310450.0, 10784882.0, 10849899.0, 12163693.0, 12426353.0, 12689268.0, 12755573.0, 1
3018487.0, 13084278.0, 13282170.0, 13149815.0, 12228455.0, 12161894.0, 12228456.0, 12360042.0, 12687978.0, 12688235.0, 12819565.0, 12622186.0, 13676419.0, 16375993.0, 16770749.0, 15255
722.0, 10844778.0, 10581605.0, 10120799.0, 9067601.0, 7622726.0, 6900290.0, 6964030.0, 7291198.0, 7422527.0, 7160639.0, 6636096.0, 6769476.0, 7492426.0, 8083020.0, 8543311.0, 8214865.0
, 12161655.0, 16568995.0, 16305825.0, 16700581.0, 16766121.0, 16700585.0, 16766633.0, 16766892.0, 16701354.0, 16635815.0, 16504232.0, 15055762.0, 10583132.0, 10584680.0, 13020819.0, 13
942434.0, 14140071.0, 14271657.0, 14140329.0, 14009258.0, 11707258.0, 11441263.0, 11177834.0, 11309164.0, 11178089.0, 11440233.0, 11637356.0, 12032366.0, 12492402.0, 12623732.0, 126897
80.0, 12821110.0, 12887157.0, 12952950.0, 13281913.0, 13018486.0, 12162664.0, 12030821.0, 12162662.0, 12359528.0, 12556648.0, 12622440.0, 12688235.0, 12490855.0, 13741953.0, 16638907.0
, 13350557.0, 9994613.0, 10713449.0, 10515812.0, 10252127.0, 9002319.0, 7818560.0, 7883841.0, 7883075.0, 7750978.0, 7553343.0, 7554114.0, 7161411.0, 6703169.0, 7098181.0, 8214863.0, 83
46447.0, 9136216.0, 13150347.0, 14070931.0, 14071186.0, 14268308.0, 14465174.0, 14597014.0, 14926233.0, 15254942.0, 15583136.0, 15714975.0, 16175266.0, 14595469.0, 10451292.0, 10848108
.0, 13283990.0, 14073506.0, 14140071.0, 14271657.0, 14009512.0, 14009258.0, 13153160.0, 12295543.0, 11967091.0, 12032883.0, 12164468.0, 12295797.0, 12426612.0, 12492659.0, 12558707.0,
12624243.0, 12755316.0, 12821109.0, 12887156.0, 12887412.0, 13347191.0, 12952437.0, 12162151.0, 12030564.0, 12162406.0, 12359527.0, 12425064.0, 12490857.0, 12556649.0, 12424802.0, 1413
6198.0, 13416357.0, 7430750.0, 7954520.0, 11173485.0, 10516069.0, 10318177.0, 9594711.0, 8475718.0, 8080447.0, 8014655.0, 7751488.0, 7619649.0, 7685956.0, 7752261.0, 7556165.0, 7622725
.0, 8214606.0, 8280398.0, 11966847.0, 14468006.0, 14007198.0, 13875612.0, 13678491.0, 13612443.0, 13481112.0, 13349526.0, 13283732.0, 13151634.0, 12954511.0, 13151630.0, 13085068.0, 12
295810.0, 12625544.0, 13678749.0, 14073764.0, 14205864.0, 14271657.0, 14075048.0, 14009513.0, 14074003.0, 12296055.0, 12230261.0, 12295798.0, 12361590.0, 12427126.0, 12558198.0, 125581
98.0, 12624244.0, 12624243.0, 12755315.0, 12755316.0, 12821365.0, 12886899.0, 13412471.0, 12951667.0, 12096101.0, 12030306.0, 12096613.0, 12359270.0, 12293734.0, 12359527.0, 12556390.0
, 11965550.0, 11179141.0, 9667971.0, 7101269.0, 8480092.0, 10516072.0, 10187105.0, 10120798.0, 10186848.0, 8869963.0, 8145982.0, 7948605.0, 7751233.0, 7620161.0, 7489602.0, 7752516.0,
7884613.0, 8017223.0, 8543568.0, 11637373.0, 14928300.0, 14796970.0, 14731179.0, 14599336.0, 14533798.0, 14468007.0, 14402470.0, 14336678.0, 14270883.0, 14139555.0, 14007713.0, 1381059
0.0, 13744543.0, 13678750.0, 13810333.0, 14007458.0, 14074022.0, 14205864.0, 14271657.0, 14075306.0, 14075306.0, 14534039.0, 12427640.0, 12427384.0, 12427383.0, 12427382.0, 12492662.0,
 12558198.0, 12623990.0, 12624245.0, 12689523.0, 12689779.0, 12755317.0, 12755316.0, 12820852.0, 13215607.0, 12885871.0, 12030052.0, 11898721.0, 12030563.0, 12359013.0, 12687717.0, 126
22182.0, 12753511.0, 10586486.0, 7892075.0, 7233881.0, 6772817.0, 6706253.0, 7297621.0, 7955039.0, 7427925.0, 9399137.0, 9658963.0, 8343105.0, 8079677.0, 7882559.0, 7817280.0, 7883076.
0, 7949379.0, 8016197.0, 7952459.0, 8678753.0, 14600106.0, 15125934.0, 14928555.0, 14994093.0, 14796715.0, 14599849.0, 14534057.0, 14534059.0, 14534058.0, 14468264.0, 14402472.0, 14336
679.0, 14270887.0, 14205350.0, 14073508.0, 14205094.0, 14205608.0, 14139816.0, 14271657.0, 14271657.0, 14075307.0, 14075306.0, 14533525.0, 12493177.0, 12492920.0, 12427381.0, 12427380.
0, 12492916.0, 12558452.0, 12558452.0, 12558451.0, 12558450.0, 12689523.0, 12623987.0, 12755058.0, 12820339.0, 13149559.0, 12754287.0, 11898465.0, 12095839.0, 12227428.0, 11702374.0, 1
0913893.0, 9927520.0, 8350297.0, 8220259.0, 7826018.0, 6575950.0, 6246216.0, 5851458.0, 5851715.0, 6180429.0, 6246483.0, 6443086.0, 8872535.0, 8803915.0, 8211522.0, 8014400.0, 8014402.
0, 8080194.0, 8212549.0, 8345676.0, 7493969.0, 6445144.0, 10982790.0, 15257519.0, 14928555.0, 15060142.0, 14928558.0, 14731692.0, 14599850.0, 14599852.0, 14599851.0, 14534057.0, 145340
57.0, 14402474.0, 14402474.0, 14337193.0, 14271402.0, 14271401.0, 14205864.0, 14205865.0, 14271659.0, 14271657.0, 14075305.0, 14075307.0, 14533269.0, 12427385.0, 12427641.0, 12492917.0
, 12558452.0, 12427380.0, 12492916.0, 12558451.0, 12558194.0, 12623732.0, 12623731.0, 12558191.0, 12623728.0, 12754545.0, 13281141.0, 13016689.0, 11701603.0, 10519137.0, 9073501.0, 789
0520.0, 7430485.0, 7233107.0, 7232851.0, 6838865.0, 7233883.0, 6970197.0, 6180166.0, 5785409.0, 5522752.0, 5654082.0, 6048587.0, 4404534.0, 5323831.0, 7623495.0, 7622211.0, 7556164.0,
7884357.0, 8147526.0, 8345419.0, 8148300.0, 6178883.0, 5852753.0, 8088936.0, 14402469.0, 15125677.0, 14928555.0, 14994092.0, 14862764.0, 14731435.0, 14665644.0, 14599852.0, 14599850.0,
 14534057.0, 14468264.0, 14468266.0, 14271403.0, 14271402.0, 14271657.0, 14271657.0, 14271657.0, 14337450.0, 14271657.0, 14075307.0, 14075307.0, 14467735.0, 12427384.0, 12427637.0, 124
27380.0, 12427380.0, 12361587.0, 12492916.0, 12558450.0, 12558193.0, 12557939.0, 12557938.0, 12623726.0, 12623727.0, 12360819.0, 11638388.0, 10258029.0, 8614240.0, 7430741.0, 6970190.0
, 6969933.0, 7035725.0, 6969932.0, 6969677.0, 6509385.0, 6180937.0, 6575697.0, 6048324.0, 5522240.0, 5259327.0, 5193788.0, 5127741.0, 4601397.0, 4075821.0, 5913909.0, 7489858.0, 735929
8.0, 7622213.0, 7753285.0, 7818563.0, 7031104.0, 4930872.0, 5852488.0, 7365211.0, 13876125.0, 15060141.0, 14863018.0, 14928299.0, 14797227.0, 14731436.0, 14665643.0, 14599850.0, 145998
50.0, 14534057.0, 14468264.0, 14468266.0, 14337450.0, 14337451.0, 14337195.0, 14337194.0, 14271657.0, 14337450.0, 14271658.0, 14075306.0, 14075307.0, 14467732.0, 12427382.0, 12427381.0
, 12427380.0, 12427380.0, 12492659.0, 12492659.0, 12492659.0, 12426865.0, 12492143.0, 12623472.0, 11835767.0, 10587770.0, 9733497.0, 8747118.0, 8023651.0, 7693913.0, 7364433.0, 6904140
.0, 6574922.0, 6311749.0, 6048578.0, 5982787.0, 5851201.0, 5391678.0, 5654595.0, 5720131.0, 5390911.0, 5259328.0, 4996156.0, 4996155.0, 4732984.0, 4075569.0, 5453876.0, 7685696.0, 7752
002.0, 7817280.0, 7751744.0, 7489601.0, 5585974.0, 5062717.0, 6180685.0, 6904405.0, 13087127.0, 15323055.0, 14730920.0, 14863018.0, 14731692.0, 14665643.0, 14665387.0, 14599850.0, 1459
9850.0, 14534057.0, 14468264.0, 14468266.0, 14402730.0, 14337450.0, 14337450.0, 14337450.0, 14337450.0, 14337195.0, 14271403.0, 14271657.0, 14075307.0, 14336145.0, 12361589.0, 12427380
.0, 12361587.0, 12427123.0, 12426866.0, 12492659.0, 12426865.0, 12426606.0, 12492918.0, 11113856.0, 9208188.0, 8418413.0, 7825757.0, 7364691.0, 7167313.0, 7101264.0, 7101265.0, 7167313
.0, 7035471.0, 6706506.0, 6246214.0, 5917250.0, 5719616.0, 5325373.0, 5062457.0, 5127993.0, 5193534.0, 5061949.0, 4996156.0, 4864570.0, 4732728.0, 4009777.0, 4928561.0, 7488316.0, 7751
233.0, 7882561.0, 6897723.0, 5651253.0, 4995639.0, 5391427.0, 5786185.0, 6575443.0, 8614757.0, 13679262.0, 15257519.0, 14665641.0, 14665897.0, 14600104.0, 14599850.0, 14599850.0, 14599
851.0, 14534057.0, 14534057.0, 14534058.0, 14534059.0, 14402987.0, 14337196.0, 14337450.0, 14271914.0, 14271657.0, 14271657.0, 14271657.0, 14075051.0, 14335890.0, 12295796.0, 12427379.
0, 12492659.0, 12492659.0, 12426866.0, 12426866.0, 12426350.0, 12361592.0, 10786440.0, 8550257.0, 7759964.0, 7167826.0, 6904140.0, 6706505.0, 6509130.0, 6180421.0, 6048578.0, 6114371.0
, 6245700.0, 6377543.0, 6377543.0, 6312007.0, 5917764.0, 5654080.0, 5128505.0, 4799287.0, 4864314.0, 5061949.0, 4930364.0, 4864571.0, 4667192.0, 4141106.0, 4665648.0, 7750976.0, 781676
8.0, 6569016.0, 4863026.0, 4733240.0, 4996413.0, 5259841.0, 5720393.0, 6510160.0, 7036501.0, 8088930.0, 12035214.0, 14797228.0, 14863019.0, 14534311.0, 14599848.0, 14599850.0, 14599851
.0, 14534058.0, 14534057.0, 14534059.0, 14534059.0, 14402986.0, 14271914.0, 14271657.0, 14140842.0, 14206121.0, 14271657.0, 14205865.0, 14140331.0, 14269584.0, 12295795.0, 12492659.0,
12426867.0, 12426866.0, 12361074.0, 12426607.0, 12230263.0, 10524555.0, 8484719.0, 7364948.0, 7233361.0, 6773068.0, 6575177.0, 6509129.0, 6509128.0, 6114883.0, 5851458.0, 5719615.0, 55
88029.0, 5522238.0, 5391165.0, 5456957.0, 5456958.0, 5456959.0, 5325374.0, 4930617.0, 4601397.0, 4536119.0, 4535606.0, 4601399.0, 4601399.0, 4272691.0, 4009260.0, 5650226.0, 5190193.0,
 4469041.0, 4798777.0, 5061950.0, 5127743.0, 5325121.0, 5523013.0, 6049609.0, 6904660.0, 6904916.0, 6905174.0, 9601396.0, 13416094.0, 14863276.0, 14600104.0, 14468520.0, 14534057.0, 14
534058.0, 14534059.0, 14534058.0, 14534058.0, 14402730.0, 14337196.0, 14271403.0, 14271402.0, 14271403.0, 14205610.0, 14205610.0, 14074538.0, 14204045.0, 12426610.0, 12492404.0, 124266
12.0, 12361075.0, 12360816.0, 12361334.0, 10195074.0, 8419697.0, 7364950.0, 6706762.0, 6904143.0, 6509386.0, 6115142.0, 6049348.0, 5983811.0, 5983299.0, 6048322.0, 5785407.0, 5588029.0
, 5390910.0, 5259581.0, 5127993.0, 4996408.0, 4996409.0, 4996155.0, 5061434.0, 4929594.0, 4338740.0, 4075569.0, 4206898.0, 4338741.0, 4141361.0, 4666932.0, 4075312.0, 3943984.0, 420741
2.0, 4338741.0, 4601655.0, 4996412.0, 5325376.0, 5457216.0, 6180935.0, 6706768.0, 7035989.0, 7365209.0, 7233624.0, 8154722.0, 11245957.0, 14336676.0, 14797227.0, 14402472.0, 14468264.0
, 14534057.0, 14534059.0, 14468266.0, 14402731.0, 14337196.0, 14271657.0, 14205864.0, 14271402.0, 14205610.0, 14205610.0, 14009513.0, 14006923.0, 12360818.0, 12426612.0, 12360819.0, 12
229489.0, 12492401.0, 10588800.0, 7563361.0, 7496794.0, 6838864.0, 6049605.0, 6444105.0, 6246728.0, 5917762.0, 5720128.0, 5588799.0, 5654334.0, 5719614.0, 5654078.0, 5588029.0, 5390653
.0, 5259323.0, 5127994.0, 4996665.0, 4996155.0, 4930363.0, 4864313.0, 4667191.0, 4535863.0, 4404278.0, 4206900.0, 3943727.0, 3943726.0, 4995381.0, 4404019.0, 4141363.0, 4404278.0, 4404
280.0, 4404279.0, 4536376.0, 4930877.0, 5325634.0, 6049610.0, 6575440.0, 6970452.0, 7299417.0, 7628379.0, 7694428.0, 7497308.0, 8877929.0, 12429457.0, 14731179.0, 14402472.0, 14468266.
0, 14468265.0, 14468266.0, 14402731.0, 14271404.0, 14271401.0, 14206121.0, 14205610.0, 14205610.0, 14205864.0, 14074792.0, 13875338.0, 12360562.0, 12426865.0, 12229232.0, 12361071.0, 1
1113078.0, 7958118.0, 6641226.0, 7102034.0, 6378568.0, 5654847.0, 6115141.0, 6115141.0, 5785920.0, 5588285.0, 5456700.0, 5259579.0, 5193786.0, 5324858.0, 5456443.0, 5390907.0, 5390393.
0, 5193787.0, 5127996.0, 5127739.0, 4930362.0, 4798777.0, 4667191.0, 4535606.0, 4404020.0, 4272690.0, 3943982.0, 3812910.0, 4141614.0, 4404277.0, 4272694.0, 4470072.0, 4470072.0, 46016
59.0, 4864829.0, 5128256.0, 5325634.0, 5588806.0, 5917771.0, 6180940.0, 6378575.0, 6707025.0, 6970709.0, 7299674.0, 7234138.0, 7562844.0, 12100494.0, 14600107.0, 14336680.0, 14468265.0
, 14402473.0, 14468267.0, 14271146.0, 14205865.0, 14271402.0, 14205610.0, 14205609.0, 14140327.0, 14140072.0, 13809032.0, 12229488.0, 12295024.0, 12360558.0, 11638385.0, 7957086.0, 690
4656.0, 6246725.0, 6575691.0, 5983812.0, 5325883.0, 5720384.0, 5851970.0, 5720128.0, 5391165.0, 5194043.0, 5062458.0, 4996408.0, 5061687.0, 4996407.0, 5127992.0, 5259064.0, 5193532.0,
5193532.0, 5127739.0, 5061949.0, 4930363.0, 4798776.0, 4601398.0, 4535606.0, 4470069.0, 4206898.0, 3615533.0, 3352360.0, 4141362.0, 4404279.0, 4470072.0, 4535864.0, 4667450.0, 4930621.
0, 5128256.0, 5259842.0, 5391427.0, 5654599.0, 5917516.0, 6180941.0, 6444109.0, 6772817.0, 7036245.0, 7430746.0, 7562589.0, 8351845.0, 13547680.0, 14599593.0, 14336679.0, 14402472.0, 1
4402474.0, 14336681.0, 14271146.0, 14205609.0, 14271145.0, 14140328.0, 14140071.0, 14140072.0, 13743494.0, 12229231.0, 12229230.0, 12295024.0, 8548189.0, 6510154.0, 6641226.0, 5983554.
0, 6378314.0, 5851714.0, 5259833.0, 5391419.0, 5720384.0, 5523005.0, 5391165.0, 5127994.0, 4996408.0, 4930358.0, 4799028.0, 4799284.0, 4864821.0, 4864821.0, 4930616.0, 4930617.0, 48648
26.0, 4864570.0, 4798777.0, 4732984.0, 4601398.0, 4535606.0, 4535606.0, 4272690.0, 3681325.0, 3155239.0, 3944241.0, 4470327.0, 4470072.0, 4470072.0, 4667705.0, 4930877.0, 5194049.0, 52
59842.0, 5391427.0, 5523269.0, 5786185.0, 5983563.0, 6312267.0, 6575181.0, 6838610.0, 7036502.0, 7496795.0, 7365210.0, 10259321.0, 14665642.0, 14336679.0, 14402473.0, 14402471.0, 14336
680.0, 14271145.0, 14271145.0, 14205863.0, 14140327.0, 14140071.0, 14074280.0, 13742981.0, 12097646.0, 12557680.0, 10257254.0, 6312777.0, 6575689.0, 6378309.0, 5720382.0, 6180935.0, 55
23263.0, 4996920.0, 5062710.0, 5588798.0, 5325627.0, 5325628.0, 5193530.0, 5061688.0, 4930359.0, 4798518.0, 4601652.0, 4601396.0, 4601651.0, 4732980.0, 4732981.0, 4732983.0, 4732984.0,
 4667191.0, 4601399.0, 4535606.0, 4535606.0, 4535349.0, 4272691.0, 3681069.0, 3155239.0, 3483947.0, 4338485.0, 4470070.0, 4601657.0, 4799035.0, 5062205.0, 5259585.0, 5260099.0, 5325635
.0, 5522757.0, 5654599.0, 5785929.0, 5983307.0, 6312267.0, 6641488.0, 6904403.0, 7167575.0, 7299161.0, 7825758.0, 13153177.0, 14599593.0, 14336679.0, 14402216.0, 14205607.0, 14140073.0
, 14271146.0, 14205609.0, 14140071.0, 14074278.0, 14008484.0, 13479554.0, 12162924.0, 11900782.0, 7496018.0, 6115141.0, 6378311.0, 6049346.0, 5523004.0, 5983556.0, 5325628.0, 4931126.0
, 4667954.0, 5391419.0, 5259322.0, 5259321.0, 5193529.0, 4930871.0, 4930360.0, 4732984.0, 4601398.0, 4535605.0, 4469813.0, 4470069.0, 4535606.0, 4535606.0, 4601398.0, 4601398.0, 453560
6.0, 4470069.0, 4469812.0, 4469813.0, 4272948.0, 3681325.0, 3418153.0, 3549739.0, 4272691.0, 4601399.0, 4732471.0, 4798522.0, 5061950.0, 5259328.0, 5325378.0, 5325379.0, 5456708.0, 552
2758.0, 5523013.0, 5720647.0, 5983560.0, 6312268.0, 6575694.0, 6904405.0, 7036245.0, 6839382.0, 10653823.0, 14600106.0, 14205092.0, 14270887.0, 14205352.0, 14139817.0, 14139817.0, 1413
9816.0, 14139816.0, 14074279.0, 14008486.0, 13282175.0, 12360302.0, 9665632.0, 6115398.0, 6180932.0, 6180933.0, 5786174.0, 5325625.0, 5851971.0, 5259578.0, 4799540.0, 4404781.0, 512824
8.0, 5127736.0, 5061687.0, 5127479.0, 4996406.0, 4864825.0, 4732984.0, 4601398.0, 4535605.0, 4404019.0, 4404276.0, 4404276.0, 4404019.0, 4469812.0, 4469812.0, 4469812.0, 4535092.0, 440
4020.0, 4404020.0, 4404020.0, 3878446.0, 3878189.0, 4338483.0, 4469813.0, 4535607.0, 4601398.0, 4601400.0, 4930621.0, 5259328.0, 5325122.0, 5390658.0, 5390914.0, 5456708.0, 5456964.0,
5588806.0, 5786183.0, 5852486.0, 6181451.0, 6641491.0, 6576210.0, 6641747.0, 8220516.0, 13942435.0, 14336678.0, 14205350.0, 14270888.0, 14139817.0, 14139817.0, 14140071.0, 14139815.0,
14074022.0, 14008231.0, 13413247.0, 11703147.0, 7298897.0, 5983811.0, 5917761.0, 5917761.0, 5523002.0, 5128246.0, 5785921.0, 5062456.0, 4668211.0, 4207147.0, 4799027.0, 4996663.0, 4864
566.0, 4929845.0, 4930357.0, 4799030.0, 4732982.0, 4666934.0, 4469812.0, 4469812.0, 4404019.0, 4338226.0, 4338227.0, 4404019.0, 4338226.0, 4338227.0, 4469300.0, 4404019.0, 4404019.0, 4
404019.0, 4009519.0, 3943727.0, 4404019.0, 4535607.0, 4338229.0, 4338485.0, 4273204.0, 4799033.0, 5193534.0, 5325121.0, 5259330.0, 5325121.0, 5325378.0, 5325635.0, 5456964.0, 5654342.0
, 5785926.0, 5917769.0, 6444111.0, 6247249.0, 6510417.0, 6773332.0, 12166801.0, 14599850.0, 14205094.0, 14205607.0, 14140071.0, 14140072.0, 14140071.0, 14140071.0, 14008485.0, 14008486
.0, 13544833.0, 9928289.0, 6181190.0, 5918017.0, 5786174.0, 5785661.0, 5391162.0, 4996917.0, 5588542.0, 4996919.0, 4667954.0, 4010026.0, 4470064.0, 4996407.0, 4667442.0, 4601395.0, 460
1396.0, 4601652.0, 4601651.0, 4601398.0, 4535605.0, 4469555.0, 4404019.0, 4338226.0, 4338225.0, 4272689.0, 4272433.0, 4272434.0, 4206897.0, 4272434.0, 4404019.0, 4404020.0, 3943984.0,
3943984.0, 4404021.0, 4470070.0, 3943729.0, 4338228.0, 4338484.0, 4798777.0, 5061949.0, 5193535.0, 5193535.0, 5325120.0, 5325121.0, 5325377.0, 5391426.0, 5457220.0, 5588549.0, 5851976.
0, 6246989.0, 6049612.0, 6313295.0, 6181711.0, 10127481.0, 14665641.0, 14205091.0, 14205350.0, 14140071.0, 14074278.0, 14008741.0, 14074023.0, 14008485.0, 14008485.0, 13215869.0, 78905
15.0, 5918018.0, 5720894.0, 5588795.0, 5522748.0, 5194040.0, 4930868.0, 5457212.0, 4996662.0, 4667443.0, 3878183.0, 4075562.0, 4864823.0, 4535857.0, 4470066.0, 4404020.0, 4404020.0, 44
69812.0, 4469812.0, 4469812.0, 4404019.0, 4338227.0, 4338226.0, 4338225.0, 4272432.0, 4206640.0, 4206640.0, 4206640.0, 4140847.0, 4206640.0, 4337970.0, 3943728.0, 3943984.0, 4338227.0,
 4338484.0, 3877935.0, 4667191.0, 4338227.0, 4798777.0, 4996156.0, 5061949.0, 5127739.0, 5193534.0, 5259329.0, 5259329.0, 5390914.0, 5390914.0, 5391427.0, 5720391.0, 6115149.0, 5852231
.0, 6247244.0, 6181198.0, 8351590.0, 14139300.0, 14139299.0, 14139299.0, 14139813.0, 14008485.0, 14008485.0, 14008231.0, 14008485.0, 14008485.0, 11901559.0, 6378568.0, 5851967.0, 55232
60.0, 5457210.0, 5325626.0, 4996662.0, 4799282.0, 5391419.0, 4931125.0, 4536369.0, 3681062.0, 3746856.0, 4799029.0, 4470065.0, 4469812.0, 4404017.0, 4272687.0, 4272433.0, 4338226.0, 44
04019.0, 4404019.0, 4469555.0, 4469298.0, 4338227.0, 4206641.0, 4206641.0, 4140848.0, 4140847.0, 4075311.0, 4141103.0, 4206641.0, 3877935.0, 3943727.0, 4272434.0, 4469814.0, 3746347.0,
 3812138.0, 4403764.0, 4667192.0, 4996157.0, 5061949.0, 5061948.0, 5127742.0, 5193791.0, 5259841.0, 5325634.0, 5325634.0, 5325635.0, 5654599.0, 5983565.0, 5654856.0, 6050124.0, 6115919
.0, 6773590.0, 13284764.0, 14336422.0, 14007970.0, 14008484.0, 14008485.0, 14073765.0, 14008231.0, 14008485.0, 13942692.0, 9732457.0, 5852226.0, 5720382.0, 5391417.0, 5325624.0, 519403
9.0, 4930868.0, 4601904.0, 5325625.0, 4996661.0, 4536111.0, 3418403.0, 3483426.0, 4732980.0, 4404271.0, 4404017.0, 4338225.0, 4272432.0, 4141103.0, 4075566.0, 4206640.0, 4206640.0, 440
3759.0, 4469297.0, 4337970.0, 4206640.0, 4206640.0, 4140847.0, 4140847.0, 4140847.0, 4140847.0, 4140849.0, 3746606.0, 3812655.0, 4272177.0, 4338228.0, 3351846.0, 3088673.0, 4404019.0,
4469813.0, 4798777.0, 5061948.0, 5061950.0, 5061949.0, 5127742.0, 5325121.0, 5325121.0, 5259841.0, 5391426.0, 5654597.0, 6049097.0, 5589319.0, 5984331.0, 5918798.0, 5984590.0, 12035213
.0, 14402470.0, 14007713.0, 14073764.0, 14008230.0, 14073765.0, 13942438.0, 14008485.0, 13942692.0, 7365461.0, 5917762.0, 5523004.0, 5260344.0, 5128501.0, 5062454.0, 4799282.0, 4470317
.0, 5194041.0, 5062201.0, 4141355.0, 3155231.0, 3352096.0, 4733235.0, 4338479.0, 4338224.0, 4338224.0, 4206640.0, 4140847.0, 4009261.0, 4009517.0, 4075310.0, 4206639.0, 4272175.0, 4206
895.0, 4206896.0, 4206384.0, 4075054.0, 4075054.0, 4075055.0, 4140847.0, 4140848.0, 3811886.0, 3812398.0, 4141362.0, 4338229.0, 3220775.0, 2759966.0, 4141105.0, 4798521.0, 4798777.0, 4
930362.0, 4996156.0, 4996156.0, 4996156.0, 5193536.0, 5193278.0, 5193791.0, 5391427.0, 5523268.0, 5917768.0, 5523526.0, 5852745.0, 5852745.0, 5458246.0, 10785151.0, 14534055.0, 1394192
2.0, 14073508.0, 14073765.0, 14008229.0, 13942692.0, 13942692.0, 13942692.0, 6509898.0, 5720383.0, 5391419.0, 5128247.0, 4996917.0, 4996661.0, 4601903.0, 4338476.0, 4996661.0, 4535857.
0, 2892059.0, 2826267.0, 3549219.0, 4667442.0, 4272687.0, 4272688.0, 4338222.0, 4206640.0, 4140846.0, 4075055.0, 4009517.0, 4009516.0, 4075055.0, 4141104.0, 4206894.0, 4206639.0, 41411
03.0, 4075054.0, 4075054.0, 4075054.0, 4140847.0, 4075055.0, 3746349.0, 3812397.0, 4141361.0, 4140849.0, 3220519.0, 2694687.0, 4009518.0, 6113864.0, 6508620.0, 5785156.0, 5982535.0, 58
51204.0, 5325120.0, 5588291.0, 5324863.0, 5128255.0, 5391427.0, 5457220.0, 5720392.0, 5523013.0, 5721162.0, 5589576.0, 5195075.0, 9601650.0, 14402213.0, 13941920.0, 14073507.0, 1400797
2.0, 13942692.0, 13942692.0, 13942692.0, 13942692.0, 6246726.0, 5523005.0, 5259832.0, 4996661.0, 4930868.0, 4865075.0, 4536110.0, 4272683.0, 4667954.0, 4141868.0, 2760477.0, 2497305.0,
 4075050.0, 4667184.0, 4272430.0, 4206640.0, 4206639.0, 4206640.0, 4075311.0, 4009518.0, 4009261.0, 4009261.0, 4009261.0, 4009261.0, 4075054.0, 4140846.0, 4271920.0, 4140847.0, 4075054
.0, 4009261.0, 4009518.0, 3943726.0, 3680812.0, 3746859.0, 4075312.0, 4075056.0, 3351848.0, 2562843.0, 3746090.0, 4995643.0, 5126972.0, 5324608.0, 5982279.0, 6245962.0, 6706257.0, 6837
839.0, 6508877.0, 5325632.0, 5456962.0, 5457220.0, 5589062.0, 5326404.0, 5655113.0, 5457990.0, 5129281.0, 8417637.0, 14073762.0, 14073506.0, 14073506.0, 14073506.0, 14073507.0, 1394269
2.0, 13942692.0, 13942692.0, 5983554.0, 5391162.0, 5062454.0, 4931125.0, 4865075.0, 4799282.0, 4470317.0, 4075304.0, 4535855.0, 4075306.0, 2760476.0, 2431508.0, 4469549.0, 4601390.0, 4
272684.0, 4140845.0, 4141100.0, 4140847.0, 4075054.0, 4009261.0, 3943468.0, 3943468.0, 3943468.0, 3943469.0, 3943469.0, 3943723.0, 4074798.0, 4075054.0, 4075054.0, 4140333.0, 4075054.0
, 3943470.0, 3680812.0, 3812396.0, 4075056.0, 4075057.0, 3746349.0, 3351591.0, 3812139.0, 4338227.0, 4206898.0, 4404020.0, 4535349.0, 4535606.0, 4732984.0, 5127739.0, 5654084.0, 539142
6.0, 5522753.0, 5719875.0, 5720645.0, 5391940.0, 5589063.0, 5195074.0, 5194559.0, 7759195.0, 13876129.0, 14007713.0, 14007713.0, 14007715.0, 14007970.0, 13942435.0, 13942436.0, 1394269
2.0, 5654591.0, 5194040.0, 4996661.0, 4865075.0, 4733489.0, 4667696.0, 4404524.0, 4009766.0, 4404014.0, 3878443.0, 2694938.0, 3286558.0, 4601391.0, 4535341.0, 4338477.0, 4075563.0, 407
5309.0, 4140847.0, 4009261.0, 4009261.0, 3943469.0, 3943469.0, 3943469.0, 3943469.0, 3943469.0, 3877677.0, 3877676.0, 4008748.0, 4009005.0, 4009261.0, 4009262.0, 3812141.0, 3548970.0,
3811885.0, 4075055.0, 4075311.0, 3812141.0, 4009264.0, 4272434.0, 4404276.0, 4338483.0, 4338227.0, 4404276.0, 4469813.0, 4535607.0, 4601401.0, 4601655.0, 4930876.0, 5325122.0, 5720134.
0, 5851718.0, 5326404.0, 5260867.0, 4997948.0, 4997691.0, 6970195.0, 13481372.0, 14073505.0, 13941920.0, 13876897.0, 13876897.0, 13876899.0, 13876899.0, 13876645.0, 5522748.0, 5062454.
0, 4865075.0, 4667696.0, 4601903.0, 4601903.0, 4272939.0, 3878181.0, 4272171.0, 3746345.0, 2694426.0, 3417373.0, 4272168.0, 4403755.0, 4469548.0, 4337709.0, 4140590.0, 4075053.0, 40092
61.0, 4009261.0, 4009262.0, 4009005.0, 3943469.0, 3943468.0, 3877676.0, 3877676.0, 3877676.0, 3811883.0, 3877419.0, 3943211.0, 3943469.0, 3746348.0, 3417382.0, 3811886.0, 4075055.0, 40
09518.0, 3746347.0, 3943470.0, 4272434.0, 4338227.0, 4272434.0, 4206641.0, 4338227.0, 4404020.0, 4404021.0, 4469813.0, 4470325.0, 4536119.0, 4865084.0, 4996669.0, 5194560.0, 5260099.0,
 5129025.0, 4800569.0, 4931898.0, 6575694.0, 12955031.0, 14139300.0, 13941922.0, 14007714.0, 13876897.0, 13942179.0, 13876899.0, 13942692.0, 5325626.0, 4930868.0, 4799282.0, 4536111.0,
 4536110.0, 4601390.0, 4272426.0, 3812132.0, 4075306.0, 3549221.0, 2430999.0, 3088668.0, 4008996.0, 4140584.0, 4337708.0, 4337709.0, 4075053.0, 4074797.0, 4074797.0, 4009261.0, 4074797
.0, 4074540.0, 3943468.0, 4009004.0, 3943468.0, 3943468.0, 3943469.0, 3877676.0, 4008747.0, 3942955.0, 3877676.0, 3615017.0, 3417639.0, 3811885.0, 4009262.0, 4075055.0, 3680810.0, 3943
469.0, 4206641.0, 4206641.0, 4272434.0, 4338227.0, 4338227.0, 4404020.0, 4404276.0, 4404532.0, 4404532.0, 4470326.0, 4667704.0, 4207923.0, 4471094.0, 5194816.0, 4931646.0, 4734776.0, 4
866363.0, 6312524.0, 12560272.0, 14205091.0, 13941920.0, 14007713.0, 14007714.0, 14007715.0, 13876644.0, 13942692.0, 5259576.0, 4865075.0, 4667696.0, 4470062.0, 4470061.0, 4470062.0, 4
206890.0, 3812132.0, 4009512.0, 2957339.0, 2233876.0, 3417119.0, 4074790.0, 4140583.0, 4206120.0, 4140842.0, 4075307.0, 4009003.0, 4074539.0, 4009261.0, 4009004.0, 4009004.0, 3877676.0
, 3942955.0, 4009003.0, 4074540.0, 4009005.0, 3943469.0, 3942954.0, 3877163.0, 3943469.0, 3548969.0, 3417384.0, 3811884.0, 3943726.0, 4009262.0, 3680554.0, 3877933.0, 4206897.0, 420664
1.0, 4272434.0, 4272690.0, 4338483.0, 4338483.0, 4338740.0, 4470325.0, 4536118.0, 4470326.0, 4470582.0, 3418407.0, 4141874.0, 4997185.0, 4800060.0, 4668727.0, 4800569.0, 6115147.0, 122
31308.0, 14270884.0, 13941920.0, 14007713.0, 14007714.0, 14007715.0, 13942435.0, 13942692.0, 5127990.0, 4667696.0, 4536110.0, 4404269.0, 4404269.0, 4338476.0, 4206890.0, 3877925.0, 387
7925.0, 2430998.0, 2364949.0, 3614240.0, 4008997.0, 4074790.0, 4140583.0, 4075047.0, 4140328.0, 4074537.0, 4009000.0, 4009259.0, 4009005.0, 3877932.0, 3812139.0, 3746090.0, 3812138.0,
3943466.0, 3943468.0, 3877675.0, 3746090.0, 3746090.0, 3745835.0, 3417128.0, 3285798.0, 3746347.0, 3878189.0, 3812140.0, 3615017.0, 3877933.0, 4140848.0, 4206641.0, 4206897.0, 4141360.
0, 4206896.0, 4272433.0, 4404019.0, 4404532.0, 4536119.0, 4733498.0, 4273203.0, 3549995.0, 4668219.0, 4931390.0, 4602683.0, 4406070.0, 4734775.0, 5983304.0, 11836552.0, 14205091.0, 138
75871.0, 13941921.0, 13941920.0, 14007714.0, 13942436.0, 13942692.0, 4996405.0, 4601647.0, 4470061.0, 4272683.0, 4338733.0, 4207146.0, 4075560.0, 4009255.0, 3877413.0, 2299412.0, 24965
35.0, 3548704.0, 3943204.0, 4074790.0, 4140583.0, 4074791.0, 4008744.0, 4008745.0, 4008745.0, 3943464.0, 3943467.0, 4009004.0, 3877419.0, 3746090.0, 3746089.0, 3746089.0, 3877675.0, 38
11883.0, 3746090.0, 3746091.0, 3745579.0, 3220518.0, 3285796.0, 3746090.0, 3812139.0, 3680553.0, 3549224.0, 3943725.0, 4140848.0, 4141105.0, 4140848.0, 4140847.0, 4141102.0, 4206896.0,
 4338739.0, 4404533.0, 4536119.0, 4404532.0, 3812910.0, 4141875.0, 4668220.0, 4799805.0, 4405560.0, 4339765.0, 4734521.0, 5851975.0, 11442051.0, 14270883.0, 13810334.0, 13941920.0, 139
41921.0, 13876641.0, 13942435.0, 13942692.0, 4995891.0, 4535598.0, 4338476.0, 4272427.0, 4404012.0, 4141097.0, 3943975.0, 4075048.0, 3680291.0, 2299412.0, 2891290.0, 3614241.0, 3943204
.0, 4008997.0, 4009253.0, 4074790.0, 4074535.0, 3943206.0, 3942950.0, 3942952.0, 3877932.0, 4009004.0, 4008492.0, 3746090.0, 3614504.0, 3680297.0, 3680298.0, 3680297.0, 3680554.0, 3746
091.0, 3614506.0, 3154725.0, 3351333.0, 3680553.0, 3812139.0, 3614760.0, 3483431.0, 4009262.0, 4140848.0, 4140848.0, 4140848.0, 4141101.0, 4075563.0, 4207153.0, 4338739.0, 4338740.0, 4
207154.0, 3878446.0, 3615789.0, 4141877.0, 4668220.0, 4668476.0, 4273717.0, 4208435.0, 4669497.0, 5720901.0, 11113089.0, 14336419.0, 13744541.0, 13876127.0, 13941921.0, 14007715.0, 139
42179.0, 13876899.0, 5061426.0, 4469804.0, 4272682.0, 4206890.0, 4337962.0, 4009511.0, 3943718.0, 4009253.0, 3285533.0, 2299157.0, 3351325.0, 3614240.0, 3745825.0, 4074789.0, 4074790.0
, 4074790.0, 4074789.0, 3942949.0, 3811365.0, 3877160.0, 3876905.0, 3943211.0, 3878187.0, 3943211.0, 3746090.0, 3614505.0, 3680297.0, 3614504.0, 3614504.0, 3614761.0, 3548968.0, 315446
8.0, 3351589.0, 3745833.0, 3811883.0, 3549224.0, 3483431.0, 3943469.0, 4075055.0, 4075054.0, 4009261.0, 4009517.0, 4075307.0, 4272689.0, 4338483.0, 4338740.0, 4470326.0, 3878961.0, 335
2618.0, 4207669.0, 4734011.0, 4536889.0, 4076338.0, 4077105.0, 4735034.0, 5589828.0, 10587771.0, 14270884.0, 13744542.0, 13876128.0, 13941921.0, 13941921.0, 13942179.0, 13942179.0, 499
5634.0, 4469547.0, 4141351.0, 4141353.0, 4140841.0, 4009511.0, 3877925.0, 3877668.0, 2956569.0, 2627862.0, 3548703.0, 3548702.0, 3679775.0, 3943203.0, 4074790.0, 4074789.0, 4074790.0,
3877412.0, 3745572.0, 3745830.0, 3680037.0, 3680296.0, 3877673.0, 4074540.0, 3942955.0, 3746089.0, 3680297.0, 3614504.0, 3614506.0, 3614505.0, 3352102.0, 3023139.0, 3351588.0, 3746090.
0, 3746091.0, 3483432.0, 3549224.0, 3943469.0, 4075055.0, 3877675.0, 3811882.0, 3943981.0, 4141360.0, 4141103.0, 4075311.0, 4338740.0, 4601655.0, 3352617.0, 3221288.0, 4339767.0, 46024
26.0, 4273716.0, 3878958.0, 4076594.0, 4931901.0, 5655366.0, 9995893.0, 14270627.0, 13810079.0, 13941666.0, 14007712.0, 13941920.0, 14007714.0, 14007715.0, 4864305.0, 4404011.0, 400976
6.0, 4009767.0, 4009510.0, 3877925.0, 3812132.0, 3811875.0, 2693651.0, 2891031.0, 3549217.0, 3482910.0, 3614239.0, 3811617.0, 4074789.0, 4074789.0, 4074790.0, 3877412.0, 3745571.0, 374
5571.0, 3679779.0, 3680039.0, 3745576.0, 4008746.0, 4074283.0, 3877418.0, 3746089.0, 3680297.0, 3614249.0, 3548968.0, 3417128.0, 3219748.0, 3417125.0, 3680297.0, 3746091.0, 3417639.0,
3615017.0, 3943212.0, 3877932.0, 3614760.0, 3877419.0, 4009774.0, 4010030.0, 4075567.0, 4141616.0, 4338740.0, 4075825.0, 2497565.0, 3550251.0, 4405303.0, 4470584.0, 4010801.0, 3682349.
0, 4010802.0, 5063231.0, 5655366.0, 9272687.0, 14139299.0, 13810335.0, 13876129.0, 14007712.0, 14007713.0, 14007714.0, 14007715.0, 4798512.0, 4470062.0, 3878181.0, 3943972.0, 3878179.0
, 3811875.0, 3942948.0, 3548447.0, 2496272.0, 3154201.0, 3680289.0, 3548703.0, 3745568.0, 3811104.0, 3877154.0, 3943204.0, 4008997.0, 3943205.0, 3745571.0, 3745571.0, 3680034.0, 367977
9.0, 3679781.0, 3876904.0, 3877418.0, 3877675.0, 3811882.0, 3746089.0, 3614504.0, 3614505.0, 3351848.0, 3154468.0, 3417125.0, 3680297.0, 3746089.0, 3352102.0, 3615017.0, 3943212.0, 361
5015.0, 3549480.0, 4009262.0, 4075311.0, 4141360.0, 4272946.0, 4207153.0, 4338740.0, 2826274.0, 2365979.0, 3879216.0, 4339254.0, 4339254.0, 3813166.0, 3484970.0, 4011314.0, 5194815.0,
5655622.0, 8680552.0, 14073249.0, 13810334.0, 13876127.0, 13941921.0, 14007713.0, 14007714.0, 14007715.0], 'graphs': [], 'output_config': {'type': 'flat', 'shape': {'width': 4098}}}

